'CAMBIOLINEA' 0
'S' 1
'T' 2
'R' 3
'U' 4
'G' 5
'L' 6
'I' 7
'N' 8
'ESPACIOBLANCO' 9
'P' 10
'W' 11
'A' 12
'D' 13
'b' 14
'y' 15
'H' 16
'O' 17
'E' 18
'J' 19
'.' 20
'i' 21
'g' 22
't' 23
'z' 24
'e' 25
'd' 26
'C' 27
'a' 28
'r' 29
'n' 30
'l' 31
's' 32
'x' 33
'[' 34
'K' 35
']' 36
'o' 37
'p' 38
'u' 39
'1' 40
'9' 41
'3' 42
',' 43
'c' 44
'_' 45
'h' 46
'B' 47
'M' 48
'-' 49
'F' 50
'm' 51
'k' 52
'"' 53
'w' 54
'8' 55
'5' 56
'f' 57
'6' 58
'(' 59
')' 60
'V' 61
'v' 62
'Y' 63
'?' 64
'!' 65
'q' 66
'COMILLASIMPLE' 67
'j' 68
';' 69
':' 70
---
0 1 2 3 4 5 5 6 7 8 5 9 4 10 11 12 3 13 9 14 15 9 16 17 3 12 2 7 17 9 12 6 5 18 3 9 19 3 20 0 0 13 21 22 21 23 21 24 25 26 89 91 27 28 29 26 21 30 28 31 21 32 9 18 23 25 33 23 9 10 29 25 32 132 34 27 20 18 20 35 20 36 0 10 37 32 135 120 23 37 9 11 21 141 23 28 38 9 127 100 39 22 39 156 9 40 41 41 42 43 9 28 132 156 29 171 39 38 20 23 137 109 0 7 165 130 44 132 124 25 9 141 38 141 32 25 30 157 181 132 45 115 129 21 197 45 192 2 46 131 9 135 137 168 132 169 23 46 200 10 4 47 78 27 9 13 17 48 12 79 192 49 242 49 110 50 29 37 51 221 228 89 37 37 52 9 53 3 28 22 22 119 235 214 255 28 30 120 1 23 185 260 130 30 22 82 38 54 124 26 53 180 38 39 14 130 32 228 26 0 90 139 206 172 169 47 253 52 32 180 176 55 56 20 9 258 260 262 112 44 255 278 132 57 163 174 283 285 131 288 168 30 250 25 0 4 30 115 262 269 28 135 132 291 12 149 304 6 37 29 127 22 300 55 58 55 304 218 200 7 207 247 26 39 44 116 37 322 54 340 23 135 30 290 122 124 31 9 296 26 200 220 30 37 138 127 44 31 39 370 120 226 219 132 25 222 23 180 266 381 132 59 44 60 301 56 121 0 61 21 52 341 292 274 39 127 180 350 44 20 388 31 367 340 22 46 23 132 204 25 29 62 119 347 251 386 168 417 25 31 57 0 372 374 9 44 37 38 15 414 416 388 267 250 220 385 136 375 132 317 196 9 26 248 28 127 192 72 74 76 78 80 82 84 86 13 110 27 16 12 10 2 104 9 7 0 2 16 18 161 96 104 47 4 3 63 480 2 468 110 17 30 200 1 331 39 125 28 91 28 57 135 29 373 357 321 106 266 39 124 499 9 130 422 31 499 443 266 21 51 331 119 0 22 247 187 9 37 57 252 15 132 54 420 200 22 331 228 141 120 505 227 200 533 156 420 322 32 21 370 527 529 28 512 124 261 9 38 357 289 382 200 62 21 412 259 200 528 9 5 247 422 159 30 304 139 247 51 127 206 138 28 51 357 275 542 249 312 181 221 129 31 43 0 38 31 25 182 266 23 49 31 297 402 15 37 39 274 9 520 322 568 23 533 207 15 49 613 37 180 542 221 597 44 538 551 323 0 27 580 420 569 29 582 520 29 9 1 624 253 592 9 246 119 420 214 92 253 38 420 180 335 47 410 589 141 44 580 9 524 28 353 521 0 568 63 129 200 27 37 412 25 261 575 18 563 370 207 515 323 141 9 588 32 248 385 219 608 568 519 558 29 165 30 657 664 322 57 253 23 575 11 46 331 427 682 182 609 498 89 200 596 124 492 120 57 577 323 682 339 26 132 612 425 623 538 192 53 8 37 54 180 14 37 531 43 53 9 251 32 455 26 180 46 670 126 608 169 383 738 389 589 11 521 29 14 496 91 278 23 624 593 568 492 704 38 331 502 30 180 53 7 551 57 631 227 220 759 624 209 589 203 117 200 159 718 733 758 744 682 564 31 0 32 52 521 181 44 247 143 718 558 517 443 14 28 310 506 621 712 174 116 51 25 575 63 606 790 412 181 412 793 165 692 221 37 261 542 29 388 581 659 21 422 547 113 128 641 751 520 52 200 605 496 706 91 785 621 635 52 0 54 219 779 772 703 422 557 31 806 262 704 621 544 768 9 206 540 529 809 28 841 180 794 796 124 606 267 432 387 181 443 164 496 322 847 749 558 127 700 9 235 160 843 9 57 39 412 91 607 370 29 156 389 64 53 110 53 63 142 873 163 65 737 136 377 455 813 158 251 787 299 9 607 518 583 173 515 192 47 25 698 681 203 37 657 119 341 180 115 708 91 14 543 429 367 785 141 774 636 583 933 124 116 44 897 366 15 0 785 684 813 626 621 921 682 789 533 681 785 293 566 808 251 436 207 142 700 245 315 880 748 220 730 322 977 519 331 21 357 180 44 582 200 258 267 670 38 46 235 607 992 769 9 684 363 568 140 376 200 13 1001 266 282 204 549 658 723 200 570 37 572 505 47 266 52 442 120 28 594 577 579 207 825 54 611 57 314 44 21 129 575 1008 694 1010 1012 358 707 32 187 558 205 158 160 943 0 553 340 779 610 1027 512 833 262 169 553 156 15 596 9 66 405 135 710 605 443 227 704 568 749 492 113 46 733 902 304 0 995 453 31 998 706 132 749 357 679 1005 388 530 626 548 137 25 206 1061 774 31 138 1077 375 363 684 1039 129 557 155 115 989 322 751 285 39 200 285 253 120 251 588 54 115 744 39 831 649 631 561 9 563 565 673 9 0 16 543 707 553 195 838 227 596 954 530 1061 126 32 1051 262 785 806 1108 251 766 824 568 733 143 1056 583 608 621 1020 1022 322 921 192 8 447 435 993 589 787 1004 519 564 124 506 972 751 998 531 214 1114 184 293 227 732 1132 432 611 828 201 142 649 355 132 422 29 91 126 1037 534 1033 716 248 718 843 608 124 131 159 798 331 1086 218 777 707 6 39 841 9 6 124 401 1003 621 1005 626 553 992 29 649 976 29 67 532 549 730 180 513 402 357 0 128 29 247 54 609 597 30 922 751 684 435 248 649 671 1053 866 33 420 1039 205 718 184 214 332 138 25 975 248 15 1086 1227 1229 54 339 841 120 852 534 738 200 436 897 742 1291 1090 402 621 57 124 813 902 506 703 616 812 25 593 751 141 661 846 160 453 527 26 120 68 37 14 313 339 881 91 357 371 885 251 1138 859 556 852 1314 142 163 522 749 205 421 214 142 575 1143 895 791 1157 1161 1116 356 1036 9 68 518 159 636 862 739 639 670 851 853 999 251 767 867 119 873 533 25 38 1250 1132 221 1129 657 589 1369 265 443 840 1298 251 314 204 1086 1344 703 1028 858 597 740 1033 136 203 142 548 990 881 1389 14 440 880 204 670 1132 711 297 1309 706 29 249 228 953 1061 1238 712 636 889 945 1278 880 751 588 934 805 285 15 939 547 1371 135 664 529 887 1021 420 23 1428 718 583 316 437 956 636 1181 169 1171 385 357 575 350 444 418 1202 1421 0 1127 707 621 437 1051 328 626 1088 997 999 1011 694 1013 966 155 200 182 1049 51 38 1350 551 793 187 645 339 115 516 120 370 548 969 160 53 1165 32 737 1460 1200 965 1395 834 208 219 51 0 1213 1412 28 563 1217 30 91 1311 367 716 21 867 32 1343 200 1388 1374 160 1323 227 141 1292 1264 518 357 299 1361 160 57 859 361 534 1126 519 1399 1004 284 578 1534 1267 749 992 782 657 333 1278 28 173 784 228 958 227 606 415 375 138 602 254 262 533 819 785 943 527 322 22 1125 622 1411 1245 227 1215 877 275 1218 156 935 633 978 476 228 1272 618 530 532 1290 1560 1287 923 802 780 621 624 1514 529 975 1276 599 32 1503 1522 1161 340 118 773 1535 121 323 163 622 806 726 891 17 1371 327 1528 452 21 1210 539 1594 37 1361 214 999 1285 1294 790 574 907 772 776 30 255 1283 543 791 659 385 718 778 46 736 1004 741 642 1624 12 310 1104 589 1216 261 1445 734 727 772 453 30 67 138 52 373 1256 28 733 1373 1109 1647 740 549 9 2 1214 16 124 649 29 575 257 389 1466 1004 795 332 0 68 173 581 1588 412 1061 251 703 198 557 455 636 568 377 284 1687 521 1516 891 16 220 1300 1200 205 207 959 160 1176 1256 816 29 255 932 323 249 859 174 1378 575 348 15 67 681 943 1550 116 910 474 622 819 843 1086 1465 1090 999 740 531 323 91 436 811 206 452 670 859 1085 906 0 53 17 1598 606 902 1552 704 114 422 1093 1537 621 661 62 599 566 1673 1649 10 1270 91 1679 412 1086 53 338 254 181 138 1639 1244 527 31 26 49 1300 287 1118 1562 1125 1752 874 332 65 891 1730 719 1631 1055 370 1185 704 314 501 1749 580 32 913 1634 23 1789 553 1431 91 1639 750 32 1663 831 943 1534 636 766 163 1775 1675 1679 1254 91 11 1402 1782 1661 357 1664 444 1637 718 1599 977 224 589 1300 1612 1326 575 1823 1556 416 825 750 857 266 1056 412 730 266 1376 612 614 1438 201 37 721 620 160 840 200 526 1723 621 1209 949 206 1376 169 1800 1342 1757 53 1344 1630 1791 1826 797 657 1477 427 1833 120 6 889 505 1677 51 1233 922 1235 505 528 1056 708 30 39 1300 355 496 1135 322 1448 573 180 1333 1092 881 321 812 796 1513 867 626 1639 1309 443 1395 949 1624 1158 143 935 1040 1073 1129 1574 1501 620 1131 415 305 1685 1744 750 120 520 370 1056 26 1772 1044 132 159 278 125 1924 987 44 1439 1899 207 505 943 1382 567 30 679 1446 1328 324 1330 972 1333 1412 200 141 536 125 861 1768 183 1938 1114 25 1071 1041 891 771 1608 1624 1501 609 958 1704 14 1706 332 1196 138 739 1649 1127 606 1791 590 1229 1595 703 1957 790 1942 983 1035 20 1757 1966 573 1922 1460 1972 942 734 1471 1950 781 1701 1100 1688 142 866 1991 946 160 1743 998 1244 1386 1308 825 619 1922 1238 357 1600 207 2004 732 25 1382 1524 9 15 597 1303 1656 775 2014 0 1823 751 2040 1646 2030 373 1268 1203 165 1478 568 340 1772 273 585 228 51 192 2067 2030 749 1927 267 132 764 636 1943 181 26 578 327 545 340 1169 1364 353 1533 1118 1457 200 1262 51 354 999 206 1319 2058 26 1660 1859 200 2070 453 284 138 843 67 819 827 1644 331 761 1947 996 1744 1897 637 582 9 729 285 814 1141 908 606 1732 1473 710 1829 2002 631 266 1208 709 1077 322 1823 1231 1721 456 1887 1760 1263 496 1272 894 199 913 435 1501 1064 322 1902 92 1680 420 727 348 2057 1576 1352 1354 1323 453 142 1892 1636 255 684 2130 2067 743 220 130 38 132 955 29 2078 727 17 2068 228 1789 975 657 328 120 206 1856 1858 2181 1291 1178 1173 597 2119 606 407 708 841 1252 1314 606 14 387 737 1674 268 582 2194 1328 1472 1790 120 1885 1905 253 1802 1676 1553 512 297 780 1622 100 26 2132 578 1557 2114 0 1551 919 25 587 228 322 1458 1699 787 1816 1583 220 740 898 626 1902 2198 1311 208 553 859 171 46 727 1710 183 2034 198 681 745 1567 1737 1565 2104 1915 2184 1948 998 1920 967 182 0 1071 264 49 548 1557 262 2203 2268 1858 900 420 903 1076 703 581 1509 1201 849 963 749 1233 289 2243 1857 126 249 809 1692 631 1079 445 33 2072 262 563 355 339 1281 1993 2271 2144 2274 567 1791 0 2295 415 2004 1748 181 681 1691 174 707 1569 1871 895 1323 1800 402 707 2094 814 1887 1804 1285 1892 1129 2252 1769 1458 760 2068 1555 2268 2130 494 2081 1634 1753 1892 1239 200 1878 2359 1059 531 429 57 2282 2128 2284 2236 501 564 2326 1758 7 67 857 1569 831 548 31 1206 2277 9 1667 1415 2314 160 856 2141 1569 2010 1326 966 206 193 67 249 2054 2293 206 575 47 1373 772 278 1033 960 744 1256 1109 1738 2132 964 1848 1885 1682 1141 930 548 1487 180 1712 625 1698 557 1031 1052 1257 622 322 1089 1755 225 529 2416 2154 2367 1129 287 1738 1519 362 1753 565 902 2364 582 180 206 563 606 32 928 110 1889 1459 739 1907 869 739 1355 25 841 1370 650 1538 2085 537 2145 1863 533 289 1997 1095 846 1752 657 207 1699 1378 1115 1653 600 1168 25 1439 1262 2422 2454 2443 124 225 363 749 2497 2035 588 2048 602 143 1114 932 23 607 2136 2367 2400 2395 2217 2118 2173 39 1805 1791 180 2365 2130 1902 180 2110 2463 515 69 256 756 23 0 894 1293 1891 1843 1566 270 2316 1288 1130 1004 1874 2107 609 1326 2326 9 816 39 67 120 1569 1753 1035 1716 2133 25 1719 1286 1538 270 1313 89 39 1325 1373 335 1676 304 269 2565 953 2020 907 12 681 894 1311 26 1439 921 905 209 1591 48 2428 16 648 2170 110 48 155 138 1018 1587 1201 1155 559 262 934 1476 23 679 1136 500 1384 520 116 422 2535 2537 1230 1228 1308 1530 2030 943 1752 116 2293 327 608 1338 270 166 922 2222 1070 405 310 515 70 1993 772 2132 373 138 2586 1428 0 2593 304 2595 437 2170 891 48 91 184 166 1824 89 247 841 30 2256 771 267 1103 1295 1930 2423 249 684 1836 1858 1413 1418 2220 1648 1675 621 135 1614 650 1056 38 934 1614 2348 443 136 582 127 1970 895 633 1914 141 1683 12 132 2615 502 183 693 742 2539 817 1002 1843 1885 2581 1087 2283 46 1789 2507 333 1402 206 423 891 669 30 314 677 1693 2207 934 774 143 1157 1626 774 429 743 200 1666 2565 250 704 1544 2014 1547 1100 354 1547 532 2009 120 1566 524 2210 515 1198 798 1391 262 291 1788 1573 46 26 633 278 1512 717 809 1219 2171 1605 783 1849 843 1303 2396 737 852 131 1681 262 1902 1660 138 588 943 932 1308 737 266 32 968 262 2185 1263 1044 2201 2465 153 253 636 1823 1590 262 1154 166 888 976 2112 1709 2736 492 2421 2302 2207 1519 704 810 2303 2333 834 2163 1865 567 529 2356 2629 342 2478 1144 2807 2124 2360 575 1 25 1206 1114 2318 1602 2086 721 626 1094 1035 181 556 1519 1645 1737 2054 1713 564 2393 1323 753 502 756 1207 1931 919 2258 1103 918 1429 738 220 1039 29 955 51 2300 1547 1944 1971 679 624 2822 1479 205 2191 1250 492 575 729 1256 2253 181 2685 199 678 942 124 1624 606 1582 771 1818 1699 1821 2523 1004 1131 2542 138 1885 180 1930 2221 1649 2649 647 2652 829 321 1909 573 2823 1004 15 1476 537 2554 2138 2524 199 2394 2602 943 174 2427 1260 443 1388 1056 985 33 657 671 1033 2876 1044 626 2825 2693 782 118 1451 1958 538 1473 2304 787 851 791 1298 160 596 443 1823 1338 2273 905 2449 791 2130 246 1025 100 1653 1633 1758 2655 452 2059 1152 2908 2679 724 2682 2913 53 894 932 2123 2422 2773 895 1103 2538 2925 205 2836 367 548 118 183 520 671 636 2149 2620 841 2042 1887 1661 549 2180 687 255 723 331 1647 202 130 262 2966 1637 2285 160 588 2486 1374 429 422 2539 2059 722 1791 727 2556 941 923 1272 51 2656 2273 2906 2621 2130 2022 1901 248 1904 1840 1844 255 542 758 1641 314 2211 39 2711 3040 1047 722 2026 444 692 1103 1003 2619 2886 607 173 509 2260 1755 556 1723 749 566 3029 817 2925 1206 91 2309 2906 1900 769 2976 1898 3038 2536 1671 2813 1129 819 2475 38 2706 2524 2894 2307 1981 860 2711 1994 2300 120 2070 2940 1866 2824 127 2826 3039 3080 770 751 2447 821 1315 3034 2002 2348 501 420 1960 2112 3004 2368 1843 2206 2422 1851 829 3082 2127 1089 2380 1941 999 553 1213 2019 2137 18 1614 1099 1856 1108 160 1551 2865 722 2844 2230 3098 348 681 433 1636 275 607 3127 181 1670 1558 2130 2680 725 2477 53 915 1370 2538 2422 378 1229 220 595 860 1028 138 2804 1955 1773 556 169 173 2348 1700 1852 529 2230 2103 1849 924 44 955 1579 918 825 2711 2083 126 3101 434 2241 681 536 127 1746 718 2681 624 2477 3062 1407 1561 2229 897 2957 727 2910 2651 1681 1849 129 278 1747 1300 62 1483 2098 704 943 260 124 2162 2006 1675 1065 0 602 1256 3225 1341 1873 1676 1678 2169 1682 907 2156 1293 1763 2207 131 2162 1596 3194 1136 159 1312 3073 2924 681 3076 9 3078 1230 3106 1428 3129 2669 1982 279 402 2085 340 867 1056 1210 355 1118 521 928 2641 719 1892 684 505 2983 1643 115 3098 2195 939 2897 820 413 1082 880 2907 2678 1898 3080 1683 2884 659 160 1065 443 2356 2256 468 470 472 105 7 475 2 237 92 86 10 104 67 1 100 27 27 7 13 18 8 2 110 2167 1835 3219 751 2365 2133 1320 1069 2791 2520 2783 744 2260 1154 1419 204 157 1198 1611 636 2876 1476 1118 1795 167 568 2067 1729 2235 3340 3261 720 127 510 793 2034 2457 1538 1579 2344 3102 2742 2917 2943 2098 200 2615 779 586 205 2392 1342 1141 2353 319 2792 2713 1858 2356 2433 1323 725 738 2652 1295 707 1697 661 181 793 2852 631 1645 2865 2870 2376 820 2646 2735 609 3295 832 857 621 2855 420 2857 1313 1457 1711 455 227 896 2765 1514 803 715 1754 730 2653 3337 3154 506 2067 1244 0 2876 2695 502 659 633 2830 1049 779 553 744 649 3391 2090 1144 333 91 2070 813 2789 1642 492 525 1602 1323 2652 30 2014 380 2336 3393 2362 2244 2422 251 2311 2601 1241 3146 1291 953 696 1453 527 3191 182 1118 1451 2666 1367 3242 249 1499 1915 1543 889 780 2106 624 2113 1049 2685 1472 180 2185 737 3233 1295 53 2239 894 2356 2831 779 843 2953 2122 1063 705 785 813 2962 1758 702 2656 2902 120 7 2590 182 1591 2793 1049 421 2497 402 2167 3133 3400 436 2010 22 859 1044 3258 2387 535 434 553 327 1376 2391 2393 3404 2773 3381 2377 2900 1666 730 3098 772 3472 1062 2012 2399 1506 784 1285 706 2360 1886 907 2556 2121 367 2519 3162 2442 1754 2503 2523 636 2434 631 2608 131 262 1741 1887 702 704 2239 855 3563 64 891 3587 138 916 1537 2519 894 505 3517 1757 2167 2762 2738 2089 1538 2777 1155 1609 961 686 402 169 3435 384 124 1660 3571 1004 1103 3158 3094 115 2378 3131 2068 373 1317 341 727 2583 842 817 2646 3525 794 1347 784 3163 2913 357 1376 951 814 2582 2058 388 2058 2162 204 802 380 786 734 1516 3246 492 242 618 3659 46 1524 242 1569 2256 2172 965 3201 208 528 529 130 1229 2892 730 313 717 553 733 54 1854 2621 708 1953 2266 796 903 692 2336 2785 339 1552 2497 682 1290 703 430 797 799 2948 200 3652 2207 312 2819 1752 3534 2793 1120 374 1629 1589 597 746 22 575 2083 2802 289 2431 2565 3583 1061 287 1373 749 926 1574 2627 1857 3397 2104 28 2885 220 2302 262 2076 2837 363 1990 3066 1571 2870 2016 1363 1537 751 1523 2210 206 2955 1700 800 1501 1451 2783 2748 710 1457 39 578 130 988 747 1975 1268 270 2249 2044 425 1945 441 1858 1566 1734 2454 291 3444 3134 530 929 1373 3777 1752 739 2862 262 3673 429 2570 943 3449 3001 3451 2549 505 1057 1871 3349 1771 2877 1261 3237 679 3203 2826 2833 3805 1439 1723 2083 588 1511 2753 3135 579 2144 1356 2932 3399 2070 3739 367 3166 1895 1639 2413 1373 1823 588 383 1480 1681 989 2913 1048 3788 120 3790 679 2279 2437 1436 2112 3331 3773 1567 3842 1584 3564 160 3370 1028 2304 3103 2917 314 837 1539 3191 1396 1309 1564 920 3655 3262 3167 1592 1846 2049 977 192 12 2660 1865 999 568 1146 2056 1519 2625 322 3173 657 3175 1644 977 546 866 443 1018 594 559 1061 776 532 2468 3377 1232 2338 877 1288 1362 3654 1747 3340 960 2034 1282 3683 1952 3693 435 163 955 940 1384 156 3500 3388 1969 1217 3159 750 3698 553 453 118 363 352 1548 687 2808 100 3118 2090 1537 992 962 621 3347 3095 2603 169 934 2746 1118 593 3534 2404 3826 1350 3359 2319 1894 1478 588 3332 3244 3018 2887 1162 580 2753 536 857 526 1595 3872 1727 2251 3926 57 49 3222 3699 155 2931 2749 672 266 3116 3924 2894 593 2949 2568 2949 388 2888 141 2890 706 1117 608 3070 2866 1526 1619 1259 1858 883 503 2171 3243 1240 631 2436 1766 1752 526 2741 2822 3108 1967 885 160 3162 2979 727 1 3304 2904 2862 299 737 3013 1514 120 3217 2596 2980 3210 3844 1426 679 2933 2070 1394 1421 988 2470 3861 936 3715 3557 2901 3759 2206 2008 1631 2519 841 1895 505 3534 3942 3873 891 2416 2748 1457 3563 2368 2104 2046 3468 999 3115 3857 2525 1126 4065 3883 2520 2142 3440 3000 383 2711 350 370 3486 940 205 3770 2229 2632 274 1764 138 2167 287 3759 2519 4011 322 187 793 160 2289 2638 2554 194 3797 1119 2685 2059 1347 3588 2783 707 2644 1178 1546 2044 2619 1109 3188 2815 611 14 68 1421 506 563 2565 3896 2813 553 3261 1154 2755 126 165 2135 2277 192 2467 2201 221 1641 964 3867 3340 541 228 1612 3977 805 310 2413 846 749 1307 2064 3683 683 685 866 3412 3932 1186 3178 2941 2838 512 3714 402 436 1476 385 115 339 1223 3973 2167 3229 3983 3843 4148 1473 596 692 575 2699 3795 1178 962 2790 341 2881 825 0 2323 1355 91 739 379 677 679 3885 262 1501 3552 1304 1225 2554 2759 1004 1134 289 4160 3441 2210 2739 2005 1525 1631 4115 3208 807 4206 2376 1517 4190 1327 159 3437 1754 131 1118 3746 3487 1061 3305 321 2300 138 733 1574 3340 934 2657 135 1223 248 743 3430 1206 180 2389 1644 339 174 689 890 92 3796 1523 984 1137 989 2957 2610 958 4152 52 3120 2433 591 4194 964 806 3009 1434 3736 3714 1061 859 2656 2515 30 714 2934 1951 374 1118 596 800 4183 168 657 3682 1229 1106 367 1436 3938 51 2336 3705 32 1239 2937 4199 496 581 581 1781 2809 1922 526 259 21 169 4238 3204 693 1422 1380 3295 822 1641 4054 3869 809 4280 2571 1110 545 3399 251 4254 453 2844 505 2308 492 142 290 1335 550 2167 751 3526 861 30 33 989 927 15 2640 256 3632 2900 3494 1363 4309 180 1902 3518 3603 3006 1843 519 918 1939 3791 881 2790 3209 1373 4282 2660 2210 687 275 1413 1138 2647 3534 2506 2058 2703 1641 377 1472 3846 2648 1258 2777 596 3921 2379 2068 3534 1066 3763 2917 270 21 3762 2380 4373 4056 4018 3420 2088 730 209 3529 2322 1275 2325 575 2599 4257 2471 1123 3655 4250 533 4252 1004 159 4109 3855 289 536 828 3738 3903 4189 751 2781 3847 220 806 1039 2725 2624 3060 3566 3208 2547 1574 3346 1848 1261 496 782 205 1503 2766 2472 953 341 49 2806 2895 2167 2106 174 1566 553 2343 1486 597 3572 4361 3267 3300 1993 3594 2157 2332 1051 548 1427 2114 3684 1518 1537 2123 169 4211 3222 3518 1994 1662 1843 3555 731 3129 4020 3208 2913 2464 730 2534 256 940 1590 2703 3442 673 3004 4311 1441 4025 4088 2238 1434 3543 1110 2124 1325 3884 4453 3499 906 3054 2794 116 1911 423 907 1344 4440 2694 3426 868 3130 1686 1468 1002 939 1093 2115 374 3636 1591 542 959 3640 388 1401 187 4267 2769 3694 2925 159 827 625 1669 3094 591 3206 519 2351 4530 28 3252 248 813 2830 4498 538 388 2445 4427 185 807 291 3983 1016 28 4227 3198 1826 3987 4251 2477 4011 2071 204 1397 4018 3206 3773 4518 3727 127 2808 110 3875 2094 1406 2552 141 1061 2083 4407 1110 886 3702 419 4167 4421 1613 4499 2113 943 3014 857 3590 857 2354 2590 3503 1920 2548 4400 564 2917 660 116 1038 4043 1006 2357 2190 877 362 2822 3258 4483 4172 1327 1345 902 2677 2635 4571 631 3536 26 2797 1783 4159 707 975 3721 633 4482 28 1413 3904 3786 3096 322 1900 4236 2221 171 261 545 3299 4017 2769 331 1789 4115 3115 1590 3986 3129 3528 3662 4669 3271 2258 3522 2299 1782 2172 4462 1849 2422 4620 1525 962 169 3919 700 2352 4007 3219 4532 2840 626 3551 4540 2207 2644 4544 3638 4614 726 3246 2068 4386 2162 2789 2791 120 2793 4597 1622 1881 2890 2270 2104 4026 3775 2401 1570 1808 4472 4186 4061 4113 1205 420 4283 4508 4092 3188 4254 4488 2621 1789 3222 3098 4023 705 312 3625 1466 4625 2362 4241 385 633 15 402 4359 1924 534 156 727 162 1740 817 2957 1951 3633 844 2230 4396 3626 4710 4672 573 3044 4095 1631 3790 1858 2560 4560 443 4087 168 2446 2208 1296 167 2167 3305 758 498 4082 552 2304 3711 631 1181 3000 4525 1519 3913 718 141 1071 977 4774 1466 851 4096 4065 370 377 579 1295 4035 2450 288 939 529 4480 21 2135 3241 661 289 4525 785 749 286 2601 529 2840 3980 3441 806 4352 2464 1749 1528 630 4391 930 2786 3264 4017 4478 120 1311 3379 739 558 880 2167 3882 4445 1474 1219 2731 4410 2987 385 1027 4754 3781 2241 118 2202 2320 4590 3949 4413 4862 540 985 1130 631 3721 364 4436 443 18 2093 900 368 859 872 1922 4339 4209 89 4276 2205 4458 692 4460 4462 4765 2813 4806 894 4487 322 3115 3222 4362 248 4776 3795 282 39 24 24 596 4391 4492 1842 1665 2775 4372 4719 4236 1539 2938 4652 4357 894 4761 46 4309 4491 1635 3008 1998 1687 3214 609 1692 710 2694 1159 3490 1647 583 266 2780 248 2194 3627 434 1262 805 1028 2948 3011 3267 3084 3208 420 3424 3280 256 2386 857 1300 2938 3478 3115 4661 1998 3552 2336 772 4254 4300 427 3098 3030 4583 1843 4969 367 3397 279 780 3005 742 737 524 37 4949 120 4438 1758 729 2213 1395 1475 4542 23 2618 3726 3714 2330 750 125 1061 4977 1122 800 2120 821 4467 819 1402 1186 2987 1256 2241 531 2711 4858 3399 657 692 455 3057 4076 2991 534 4038 4309 3359 1290 2509 1004 1563 2078 3478 4275 807 4168 4973 129 4512 780 3068 1473 1699 2251 2715 260 3541 857 2511 1160 1144 2360 3037 872 3129 3016 255 1652 2662 1782 2083 4010 434 4697 980 4981 1737 772 3497 1156 1126 543 2748 1647 4718 1609 2669 2289 385 4929 2301 1290 220 4525 1902 1904 1263 2094 585 1874 2988 3032 1567 4536 1744 1789 3149 1887 2083 2258 115 4527 275 4337 611 1119 2236 585 871 3613 1277 182 2554 4477 220 2773 3236 3979 5063 2044 3736 220 3807 5076 1516 3122 4051 3377 3412 2519 4642 4895 807 785 127 2289 681 500 3440 843 4910 4302 1056 132 2160 5147 4533 1928 2838 5025 1214 3719 2604 580 4964 499 138 3709 1380 1232 4205 3999 1476 859 2489 2538 1590 4237 2601 3191 496 1935 2399 3748 31 2499 2813 1299 3273 2932 1518 661 0 340 3637 2229 2550 3379 3853 420 4621 707 3261 607 4630 931 897 3829 4219 3394 649 3199 731 1056 2303 1510 521 3241 2984 2373 2068 3749 4594 705 203 379 658 960 709 2644 4379 217 3866 1747 1519 1667 1201 2682 2248 4049 2697 4530 2652 2523 2140 3341 4941 779 4933 3689 3487 2590 2635 4721 5116 2916 1433 3411 2010 4450 4764 2367 4493 4922 4412 2619 3115 794 4940 1711 3439 4946 4028 1202 2606 4996 4249 89 5111 420 4652 3290 1738 172 1396 3341 3757 1789 1299 339 4284 3374 3617 3593 945 2213 4743 697 5075 1757 3813 3422 262 1723 975 4630 956 1350 922 2619 373 492 4228 4187 3865 324 965 5162 1339 4841 1061 3644 2739 5115 2280 3609 355 4111 5060 141 4064 3981 1752 698 897 858 4796 1803 3360 5302 3428 2999 2978 4499 1858 3609 871 192 3309 471 473 3313 475 95 8 236 6 10 16 569 18 2 3322 477 479 85 488 16 1817 4692 185 2787 3298 3206 4548 1004 3810 1683 5071 707 2354 4807 3097 5300 2713 1789 1913 711 3295 262 526 3534 136 897 2073 3483 907 2414 1558 3220 5185 160 2835 1016 2051 737 1599 127 1122 4031 2594 4033 770 3470 5082 1294 2216 2005 4065 3444 4046 2757 1373 2372 1876 2723 5290 924 1073 3536 286 4234 1828 1369 2150 2621 2064 1232 3305 5276 249 3333 2170 1757 1143 681 3611 1929 4745 3677 4534 2717 5389 714 1592 2113 5263 3262 5236 4559 3086 4959 5373 3358 1993 12 5215 201 5217 474 3437 1179 5074 4645 4048 2848 5239 2695 1292 2511 3791 3161 5343 4572 256 3111 2245 2116 2218 2601 3767 1049 4124 1421 4296 5191 5196 4216 704 2266 3714 4218 3704 4063 4414 4038 4065 5381 3942 5383 5397 5006 1621 26 4584 737 1681 548 4671 5104 2380 453 307 4651 958 1758 1344 3198 3341 4573 3695 3293 5458 3556 4735 5400 1262 377 2974 3470 4334 5003 822 1461 2731 209 5028 165 1136 447 1017 529 2262 2504 1691 3273 4541 4427 1641 3472 4064 4621 1450 2352 2302 5106 37 2162 2635 3697 552 1753 3930 1587 4553 948 3692 1738 1002 4115 4441 4328 251 204 5394 2238 267 1191 5112 627 3497 1482 360 1325 4613 5420 1396 3424 4526 977 599 4048 2206 2642 2409 207 115 4918 4897 4610 783 4752 1744 2113 2199 644 4218 5005 880 2298 5342 1292 3916 3762 2871 5077 1539 307 811 1626 894 2422 940 1890 3981 4839 657 5598 1188 247 3219 785 278 3514 2986 3596 1502 3749 1207 5382 1866 2393 259 5030 5025 5233 198 2685 2267 3465 4235 2404 1522 3565 3953 3354 2113 2354 1843 4656 5227 4019 2302 180 4032 2912 5612 2380 3136 3808 2137 4967 5082 3767 2945 2371 1701 679 5486 2417 1558 4048 2132 2289 1940 2954 608 4606 3522 4483 3624 1182 3128 5373 3828 5681 3045 1738 4780 2010 2519 5381 940 3589 2069 4954 4428 5211 4235 2530 4331 959 2813 2178 1825 1843 2613 4126 848 1365 1702 5312 3977 1604 567 828 3717 2713 5471 4696 5298 4645 5530 2006 735 1538 4936 127 255 251 445 5606 2610 5545 863 2125 2269 5564 1104 3129 5675 1681 4253 633 514 1439 53 4433 1849 5230 4760 5577 4230 1566 2222 5737 4397 991 4161 932 3120 1538 656 2054 3414 2770 2946 5384 4397 527 943 2111 4235 129 806 5593 1061 5783 1063 5239 3416 755 757 851 5756 2694 1214 621 3464 722 529 5761 3431 3667 3867 3854 506 2391 1882 324 751 3671 1609 3102 584 1581 5307 5666 907 2884 1248 1643 4191 498 5482 3639 2979 5413 2813 772 5579 434 5620 3100 1361 4155 5038 1145 3856 4232 4591 1786 3293 1729 4701 2477 852 1208 1675 4905 385 3349 4489 498 4491 930 992 3145 2416 1145 2345 670 911 5703 5085 1624 5720 32 635 5589 1504 4864 127 5555 1514 4838 621 5403 4443 4722 1623 5819 1464 2713 593 169 1333 1272 5867 1272 3398 381 694 5181 3638 2366 1758 218 704 5724 1892 5875 4938 4809 156 3483 3593 46 5858 120 2160 355 3560 1473 1603 5872 780 894 1394 4590 1064 23 4935 250 3142 5578 3759 2123 3094 2602 3977 226 4563 1673 165 51 1302 522 5720 1921 5528 4115 3201 784 4019 945 3206 185 227 4640 5235 1521 1200 1311 1005 4912 4648 4500 2059 1596 274 4652 4999 5702 701 2813 4800 636 5964 505 2541 3523 2114 5252 1649 5720 2537 4864 610 3458 2142 4758 262 975 896 4591 1660 3485 1295 1841 1892 4495 3012 385 884 4711 3207 5484 5088 4552 2137 2556 1356 3277 1398 2420 2835 2477 2605 4628 3083 3002 2190 3373 198 443 3204 3490 5722 2280 3862 4292 529 3358 1887 12 443 4254 962 3679 2661 4663 661 4947 1132 502 4950 4302 5336 1039 2630 3736 389 2246 1593 1235 5041 2348 5060 5142 4277 3475 4661 3029 1737 4905 434 863 4256 4835 4980 4061 2092 563 2159 817 785 2560 744 6039 878 2805 2875 2276 759 2317 3820 1325 5963 4088 91 2986 583 1200 520 2656 4669 3873 5788 3626 2030 129 2646 221 6005 1028 4909 1257 518 1169 160 4004 2252 685 4248 249 1319 4818 3405 5776 6100 5634 659 859 5524 4483 1154 1241 2439 4384 131 4231 2920 1509 2336 5961 2973 5175 1268 3192 2044 707 5553 3394 962 4376 561 793 1179 126 656 1478 3397 131 4765 5295 5520 4715 2139 5562 3767 1645 2529 5277 1289 363 3047 3695 2275 1373 1079 2059 1250 4613 5977 5574 3569 910 2788 1259 4925 5254 1880 1211 6010 4966 3123 3595 2990 5197 46 1603 5342 5499 1322 5621 2441 2455 2444 4938 3580 1418 132 1569 3753 4588 813 3150 5565 532 5839 5934 2268 4259 3570 2388 3544 5230 3403 5756 180 3511 4495 242 5322 2077 509 2135 3098 11 6156 852 1078 529 115 5984 1675 3528 173 1371 1039 2533 1281 2367 2206 4931 3412 6206 3914 5801 3418 1451 2114 1892 4254 2146 6229 5918 4049 1631 4977 3514 940 785 843 3525 6180 1609 2793 4650 4652 5866 1550 1272 2619 1723 962 3507 2748 1892 5711 505 5701 373 6196 362 0 2502 3368 1081 5736 1887 2595 5022 893 817 1875 5502 2894 4491 2172 6007 4881 1649 1262 4225 430 4048 5457 259 2056 5144 4699 3569 2707 266 1843 677 91 3288 891 3831 3838 2820 3392 4163 1871 198 4973 6165 193 3303 4595 4209 6208 1752 5633 707 378 310 91 6276 4564 2385 448 1892 6339 52 6341 1323 6207 2654 4199 5501 5249 417 181 54 5165 3557 2408 1137 4738 2549 1836 180 1703 1762 205 6208 704 5668 3176 5100 1324 3303 1871 575 669 813 4811 2129 3413 3377 3693 5804 5062 5923 589 4469 2987 2482 6229 6156 2120 6216 3595 228 2474 2213 4465 2904 5337 1738 5690 3509 4070 2375 6307 6035 6026 4958 4311 946 2006 116 32 1913 1478 5604 4783 1643 6276 942 6041 2505 3714 2590 915 859 4563 5440 1429 126 22 128 4725 110 5301 1699 1555 525 415 679 3455 1173 734 3018 4823 2814 4334 3399 3928 37 3930 6386 3208 922 6122 5711 3386 1267 3090 1724 5532 3998 3406 6307 1634 3542 6389 2264 3411 1076 5955 819 2065 5091 4712 2317 4613 2892 266 261 4569 2538 5433 4445 173 6335 681 312 5911 2304 6482 4091 6485 5677 2068 287 1680 3280 5526 4586 3837 132 2386 249 3815 2656 339 5649 1723 5150 2670 818 2078 4783 5644 606 1909 1991 3059 2428 2234 534 180 2396 6187 4169 138 962 2675 6375 5322 5460 6059 2701 5443 2466 200 3604 1668 1182 3382 636 6522 3440 1504 3475 1767 138 558 2494 2568 1366 539 879 1858 4997 3960 4008 636 588 5580 3620 1259 1117 857 787 6135 3421 1376 1532 173 320 3133 1198 6434 128 6152 4786 703 6380 2828 4484 4077 5822 2999 4019 871 3914 2496 6243 1758 35 1103 167 2986 6547 2477 2083 4538 1013 3502 3733 1675 4305 339 2723 3214 2922 5747 1637 3092 5245 848 1258 2426 1203 4563 1351 3679 2028 4693 866 2393 3940 1473 798 3979 1086 6036 2027 6319 1699 698 670 4729 3578 5157 267 6252 5457 2370 1858 3090 6132 766 2304 3534 2160 2304 602 4091 1682 5564 220 3516 25 2162 6429 917 3387 5777 881 524 2383 1683 1224 225 3701 594 709 4977 6422 1323 975 1487 2489 3715 1858 1150 2900 2560 3534 6207 1887 3030 4341 5514 5669 2606 4305 1928 2146 2236 6655 6163 6048 2191 4267 1027 3188 6630 2730 1267 1495 625 3721 3944 1193 385 2082 3388 5162 5148 4009 1537 1581 625 2516 3482 4965 12 3937 3293 3410 4304 6511 2570 5480 6062 3762 4138 698 2482 2597 5526 25 3619 1566 4172 402 525 6026 5116 5023 527 2999 3565 1936 255 3941 6590 2215 1997 4269 1647 5583 931 596 5327 3935 1994 6122 1566 3088 6517 6077 3514 1997 6286 5175 2700 3692 2336 707 1723 1766 4685 2314 5220 3410 6401 5707 813 1909 6637 2038 1700 824 4058 2302 2711 5349 3311 474 61 2064 4 35 18 3321 2133 7 5 16 2 100 13 61 3328 2 484 18 2367 2132 2672 5649 894 2519 5059 6406 5129 5835 6479 829 3275 3440 3615 2973 1162 2515 2697 1993 3030 6768 4483 3843 740 6416 314 1562 1130 6287 142 5200 5120 5692 6508 1278 3642 6020 5609 1621 740 3498 889 6497 5702 5084 6267 1624 5705 2385 4790 2123 129 584 2345 6196 5001 658 3133 4560 4446 5757 110 1176 1206 542 4291 922 1823 5528 2733 367 2804 6858 2807 4227 1519 5165 2071 1421 522 4832 4065 5755 2360 1858 1239 5649 6079 2950 1486 2778 4376 4832 220 6093 1615 0 4188 6337 922 2886 169 2070 5249 5649 6077 2399 685 2336 141 520 6118 1878 1285 1457 6368 3984 275 6793 5735 625 1174 4313 2247 3475 4704 3054 3436 4773 4849 2023 856 2688 3891 536 6484 6874 3905 1498 4845 3475 6927 5030 3630 110 4106 588 314 857 37 67 4389 807 6165 4189 630 1935 251 130 361 1069 436 361 1978 1362 6704 591 4205 6114 1709 6911 5977 1098 595 1391 599 719 610 626 578 1317 1069 1774 5804 183 1395 661 2693 4389 1574 1723 5079 3431 1 6975 297 5390 167 3732 3891 6046 4919 6230 1695 3795 5252 3503 321 5146 341 4652 4694 1892 1401 5935 6905 6824 2552 828 6759 6606 4598 1684 5789 6603 358 6282 4241 499 3191 5404 4259 3112 946 5956 2160 3925 3288 1757 6725 3440 5901 4066 2549 5674 1085 1230 5438 1119 5195 6212 1557 6359 2641 5725 1558 1909 6976 5753 1182 404 1755 5502 4094 5699 4097 5073 322 2986 4490 6688 142 2535 4936 5935 1262 1357 784 4563 3098 13 6295 2524 3125 3988 2509 6494 1254 6483 3770 1033 6487 3786 3748 443 2067 4491 4188 2160 794 1257 180 6912 2477 6420 3338 113 5545 3205 6625 453 3557 4736 589 3261 6445 221 1058 52 5568 2909 7063 2152 1233 180 4611 23 6359 6177 922 6916 5618 1115 1323 3533 5380 5956 283 2095 320 1723 6320 161 5918 2735 3436 6255 2571 694 3878 3767 4269 2842 4279 6452 31 5049 6338 555 5052 589 5054 384 5056 3122 5457 2899 1943 5760 7139 7065 2113 7184 519 7119 6989 6871 1738 5457 4617 1514 857 3813 1641 202 498 3420 249 5424 3620 1340 1376 1662 4485 2081 4061 6033 3388 4805 1643 6936 6148 6039 7047 4443 6420 4115 1395 3964 1267 7126 6211 5709 4074 857 1431 4030 7204 5247 6878 1758 3030 3559 2519 5032 1482 4353 321 5555 3584 6368 2376 5129 4048 3472 4976 1092 4584 2549 6404 4921 2011 4092 1924 160 4656 1016 1581 5916 1142 6504 7192 7036 6877 6749 4077 6162 474 6470 7164 6390 2805 4174 4247 1141 5078 3697 367 1566 6103 6971 7009 6202 3053 3683 6841 2561 4592 2680 1669 1069 2454 4601 332 181 3937 5781 5639 3845 4864 1285 125 6203 1125 7119 2551 6910 6775 828 5106 988 6417 1159 5396 0 702 4628 3250 3616 5589 533 6516 1648 511 7308 1028 3925 3970 6980 1140 474 4736 793 2997 641 1599 6960 688 3057 5334 5978 253 2870 2433 884 6461 973 3702 6430 492 174 1794 219 1450 3384 5583 7349 6917 7268 6168 200 3166 937 5971 3453 2210 1061 6873 2830 3983 7279 124 2822 5257 4172 2514 815 1643 621 607 4142 376 4161 568 2593 1708 7140 5439 4189 3705 3261 5878 591 5495 1201 2200 422 1389 6288 1377 1103 1722 1522 5119 608 6645 3893 4305 744 670 1131 205 2336 3897 321 5141 3021 1726 208 2514 758 7408 2504 1215 2059 4177 4663 5513 1316 1318 1320 6195 718 1081 415 1084 4838 6240 1591 526 1681 703 2189 5153 7236 4603 2136 9 7392 337 7065 2030 5447 794 1641 5870 3604 143 1875 6828 2619 1918 4057 5870 7399 819 1977 261 4130 5847 6025 6175 6147 740 6145 579 873 5672 2740 1916 5141 6549 7421 684 496 1376 1425 7297 5919 3341 1056 2836 556 5322 3000 3750 6541 3576 1303 553 1728 5338 1225 198 1321 1405 135 3816 3865 7094 4199 3399 785 513 1971 1944 2204 5768 6564 6111 5671 1700 15 69 4287 4807 3714 3403 1641 4115 5774 4453 5194 5545 1417 1328 704 2959 3822 1626 6593 5345 1241 5341 6877 1342 2582 2584 6076 1336 2668 2621 4912 3727 7193 6717 636 7289 727 5973 7120 6524 123 322 1841 1324 3433 6513 606 5933 2519 3859 7353 3928 4590 7194 48 131 132 12 7173 163 553 27 1755 52 6252 5079 1472 793 1127 1641 6405 5642 2974 6263 7262 5249 5198 951 1255 5208 2901 5388 1767 4101 895 1809 6107 6000 1843 4782 6752 2900 785 6903 6319 3143 1291 6656 4714 2213 5457 2094 3935 6963 7258 3114 2950 7518 1411 4981 817 6838 2984 7557 3557 4789 453 2213 6500 819 2464 6597 786 385 6548 1323 7055 6314 3259 4730 2344 1097 3795 4048 5935 2279 1343 3563 1892 4977 3544 6376 4288 828 3518 4749 6916 2338 4740 3935 12 3925 5033 611 6968 602 310 388 6726 2741 3692 1602 3340 7210 242 5424 6491 1048 4161 1285 2344 5228 1668 4786 595 115 242 1823 205 2538 3986 4235 964 900 1069 5620 3475 1301 3794 5808 2463 2917 7584 800 7591 1232 1409 4401 1538 3446 129 552 4747 6962 7130 2048 5946 357 4204 866 7105 267 1944 1078 358 3905 7545 4089 953 1367 290 1373 7676 1487 4527 5545 4467 6362 5649 690 5290 6993 6748 982 132 130 774 3757 1092 2563 7756 6834 2826 4461 37 889 3896 1874 3901 2425 114 4285 6173 589 2811 2821 1477 420 5257 4041 5189 1547 701 707 7603 4943 6779 1570 7655 412 3592 2234 6371 1473 681 2644 1030 1370 199 1267 141 422 1992 7338 7329 1566 492 2746 510 7194 4059 661 775 1531 3429 54 4864 2370 6018 135 167 3779 7829 1153 1278 1016 7194 6306 57 192 3247 7248 5129 5715 7068 1857 723 777 3973 3787 2601 1132 5854 3405 6558 4859 1752 553 849 2803 709 3798 3191 4637 6711 1688 4760 6220 7750 1160 6052 158 6105 527 1373 3928 131 2805 7774 207 6485 4227 4441 1264 286 320 3833 420 3442 1295 2777 779 935 955 1371 861 2794 4657 7297 7095 6584 5222 1799 1643 5939 2505 220 6112 7767 3832 7730 4461 182 1277 3295 7420 3471 253 2252 3399 7540 1119 878 1880 6941 7857 564 4852 7004 2877 4979 870 2087 1545 7454 1823 4069 4219 4813 1631 4095 3059 4635 6144 2579 1961 4151 846 7411 1577 1700 3729 3662 7524 2008 6327 1086 6963 4114 434 4979 553 6600 1702 5571 4401 4303 3759 7940 2454 4546 1154 693 1376 4578 2700 2551 3644 5037 7134 1103 1588 7804 434 4389 1585 826 686 2683 5186 4112 1922 130 2244 2334 999 960 1103 7401 5235 2059 679 4853 320 4546 119 556 5940 7311 2405 2252 567 6881 2237 1146 4561 1060 589 2657 6655 7354 1252 2410 1083 339 7416 7889 789 6903 4030 4208 1093 4347 4143 6446 33 1729 7352 274 2735 2333 5792 7707 703 1240 6271 6447 966 4675 5154 1762 2395 993 4623 5052 1287 727 2151 7065 1647 8050 538 160 5875 4085 547 7539 3583 4902 1290 1315 894 7521 4935 3767 7474 3633 2666 7627 3519 1641 894 7635 1850 1506 339 4491 5124 225 880 1488 6300 6591 3479 4527 252 33 1538 7623 3515 7099 2090 6986 9 6596 1370 705 5620 5127 807 751 841 846 1641 5840 4561 7158 6313 7238 1737 1488 2213 1002 1753 4218 7609 2420 2901 4561 772 4495 2900 5653 127 8091 3674 7671 2236 1785 704 6584 2985 6296 709 6927 2249 943 950 6343 1994 5603 8127 3089 5236 2160 3807 6135 661 1892 894 1828 3440 4011 0 6039 8051 3601 907 7020 641 7448 2633 7061 6179 4373 6974 6937 2477 7563 589 583 6485 5288 4594 1782 7239 709 992 819 962 3 670 2066 2667 701 8080 3634 3770 51 8146 4491 909 2634 163 6850 5790 7992 7541 597 5785 372 8022 744 29 8025 5852 3642 6141 443 2708 2538 975 834 3426 4267 1178 2673 4145 33 1647 1394 7356 4711 8018 1657 1782 5445 6740 1987 813 7574 1323 2986 270 2218 596 7291 1284 1145 7334 3853 2148 2813 6760 5146 262 3454 2553 2285 6336 7709 5180 1254 5545 6772 8252 5496 4077 5019 947 5206 7419 7077 3643 2553 7768 1262 4305 124 1376 2740 8102 1344 159 1785 2680 169 733 8096 5222 185 811 920 1025 49 14 791 1198 7314 6362 1442 2494 4227 2354 901 6985 1256 4761 6916 2336 6916 1716 1314 7778 1314 1219 341 405 287 727 5 1570 327 1557 7137 1675 2669 3899 4575 7106 2999 7872 3734 4796 907 8320 3371 3295 4717 6863 5171 2088 2738 806 1991 889 4015 3158 185 1477 2797 7 529 1823 5981 4483 2786 4087 3767 4368 937 796 5670 4809 2015 1908 7421 2805 2889 8224 548 5173 6629 4322 5239 1462 1478 5896 3905 5633 5504 7917 6049 7211 6728 3759 5547 5030 5506 857 948 6941 847 8092 3438 261 5257 8227 4187 443 2058 4518 1262 453 5120 3411 2244 2519 7449 1241 5328 4121 3399 4806 7925 903 841 7978 8362 1122 8364 529 6017 611 4772 690 596 1056 1204 2338 2823 362 1307 313 124 49 8002 2688 3981 1075 8374 3430 7963 738 3762 1861 2450 453 2398 6871 2474 1667 192 7935 5223 7075 1069 7846 198 6458 2548 8227 923 8077 7716 1411 8039 2545 26 261 1126 685 3120 5348 469 5350 105 6799 6 6801 479 3 18 27 18 7 6812 3322 12 8 474 8 61 7 2 96 98 8 8167 8252 4065 5631 3990 7022 2788 7067 7456 7064 2153 1003 1226 5436 6973 4711 8455 2104 5111 4460 247 1214 6936 8033 8095 8462 901 8464 5906 1994 8239 8179 3983 3600 4795 4199 6925 2029 4348 4770 6646 7651 3918 1323 3756 1887 7098 3554 5236 5729 30 7560 6988 7270 1884 8066 6369 5829 619 8173 4925 3828 5369 4087 3745 7398 8316 1755 5975 5909 1675 5744 4491 1344 4647 8265 4892 318 8469 6682 8208 3914 7441 8023 8213 1570 331 696 657 1061 8354 4222 357 8222 3965 1749 2892 5846 8095 7097 7099 5707 940 7343 3204 7573 4379 626 6226 25 8200 1737 7568 7767 2187 400 3914 8287 2035 1058 4070 3786 6899 6924 2332 542 1612 1579 310 6025 2749 559 1708 6404 1145 6059 805 1845 2404 5023 3724 3734 1909 261 678 2249 3983 1401 3613 5324 1858 370 8375 7354 1648 7766 3122 8219 8523 2299 2704 5502 5499 7021 5705 2555 817 3205 8081 1675 7805 8130 7421 610 5933 492 2393 8528 6757 931 3692 3098 6036 1295 6367 2158 3771 7504 2035 4115 8130 6265 1887 5973 3070 8054 262 3115 128 6687 6177 5209 283 3342 8139 709 1566 6226 7898 3844 1681 1869 169 2986 4480 1396 3483 5136 3008 3039 3084 287 141 54 5524 770 7059 2070 3952 5185 5954 7134 1692 6558 159 2413 4344 1737 2048 607 2569 1099 5634 7030 562 6363 3841 2570 1875 2246 1272 568 8625 298 1538 733 2087 3098 5973 5632 1958 5371 7594 1050 2227 8285 8034 1849 7685 1287 8608 922 8610 5338 567 1035 420 242 5744 1986 8165 371 132 8190 3539 289 3 2667 242 4821 2035 940 8700 8656 636 8766 1538 8111 4048 8122 8793 940 526 169 3115 2545 3017 7662 8715 5748 5502 6838 7756 6390 4580 4048 3447 1518 1640 819 766 6091 817 7575 844 8243 284 3339 7848 784 6591 198 3222 6029 8521 8287 3098 1387 1145 31 2646 6252 2983 6067 5100 5606 7044 6862 6021 6541 8720 5806 1412 6131 6551 2493 841 880 4275 1637 49 2644 8815 2030 1523 4942 1065 1987 3798 1454 7403 2720 3519 7161 427 1819 2441 49 7406 8295 412 3232 7368 2936 6430 918 1683 4062 8463 1289 828 3188 2737 2885 3796 6780 608 6039 7975 624 5933 5001 3762 4067 6825 3129 7561 7270 8645 2628 402 187 1683 2556 1056 3152 322 6347 2664 2 8092 5701 8770 8663 2524 6838 3859 1389 3145 8116 3098 5398 6825 3479 7548 5125 6368 8755 2046 5713 8049 2158 3794 5155 3543 3753 165 1229 7413 4613 8833 1757 7957 7147 5998 180 5694 2141 2356 26 4985 1061 4242 4070 6175 1261 1251 164 7557 4003 1848 1065 2163 1103 29 5598 716 1179 568 7631 2864 1155 1463 568 2759 1503 455 378 8913 5650 3645 6866 7241 4445 2181 938 4913 8903 8550 5484 7094 290 1311 52 1794 600 4137 4395 256 6625 7230 6388 6898 857 8159 2572 752 754 3418 6456 3878 6170 2471 6988 492 4105 2783 1641 3021 1750 1160 2056 6288 8627 1909 5570 4130 3588 3056 679 1326 617 219 125 6370 1845 6514 7568 7253 8122 6868 6654 6935 1130 3094 6900 3495 7282 8225 5303 7655 6397 1597 1973 1549 3145 7676 3843 1820 1606 535 1063 7295 228 4343 2929 3367 5314 6414 4422 1747 8669 6211 6459 5507 1968 5423 339 8831 4441 7048 9034 6402 6842 5885 1257 4048 9008 4782 5631 3562 1860 6877 7250 5758 3152 7478 1200 1320 4125 6014 1003 8920 7617 4113 1033 6696 1326 2563 8130 6536 3654 8096 5734 2552 9022 1451 6234 2783 1290 4495 7543 9126 5331 7256 4761 934 8708 6319 3767 7418 2044 5447 1365 2609 8405 1857 1566 3913 2563 247 2001 6489 5564 9035 8729 2044 8662 5398 2452 5243 8379 8741 6697 275 3691 7555 39 5561 8955 5805 568 2986 984 2711 702 1752 6322 3898 31 1233 2827 8178 1401 597 9001 7912 6784 1643 2067 111 1046 4868 589 2876 1065 6980 4447 6855 5685 7271 2600 580 4043 4353 6287 6908 498 262 4293 2894 6710 4168 6551 4227 5878 6854 4172 4204 2890 6703 6720 775 340 4405 2014 6702 8009 2207 8528 9155 3830 3683 5162 6290 538 6846 5001 2439 6284 6666 1207 2113 8814 6640 3404 3090 7310 7700 5943 6157 7037 3298 6064 32 2535 940 1698 1892 1772 3273 1389 7300 4067 7614 6524 6613 255 5633 1641 6647 2342 1570 1307 3493 2656 3402 6563 5756 7639 7658 6871 4284 796 9010 3852 7552 5135 907 2972 6201 2659 3582 2439 8164 2402 1288 5805 6971 6420 8022 135 5759 6148 6237 5894 1115 1476 6242 5456 7258 8130 5714 7648 3572 4065 6696 3404 8660 367 9296 181 2409 5389 2412 2155 4398 6394 3074 5156 558 1323 787 7767 5910 1843 6538 6589 2523 6308 9308 5459 7334 5673 6157 1729 4563 8765 8613 3842 1054 324 3879 8896 999 7759 5029 2941 1158 7150 1658 499 1958 8062 201 1628 3782 9323 388 46 1802 4386 6366 1761 8683 6777 9357 1099 131 1892 4041 6763 3389 2059 1909 1645 2711 8236 3871 30 1206 6841 4234 1366 3935 6322 9177 9206 358 4626 363 582 6941 9213 8456 7942 5387 5667 2606 8101 1256 8379 7939 2862 6639 4655 7883 860 9113 4786 2376 244 9389 6417 8029 707 7113 6605 7844 4259 1759 6161 3343 2044 4062 5416 9219 1445 7177 5604 3098 8335 4288 503 8993 1639 2256 8950 6389 163 31 1789 3239 1376 2422 4829 5930 1536 7212 1230 603 608 187 9185 3168 1161 810 6993 3538 7929 529 50 602 3993 1376 570 599 5778 6567 8304 2749 91 610 5846 7806 361 5885 138 114 2192 506 7469 574 2809 950 6175 5039 1129 4337 506 1391 1999 5623 2870 7972 1737 1921 1519 6927 3845 8849 9 27 853 259 5672 2056 2058 3577 9163 2622 5821 5180 7894 1389 5809 4161 6979 165 556 2089 9037 3498 548 1073 2910 7042 3436 1015 677 4295 891 7011 3796 4468 2719 633 1512 8084 360 2044 4115 3021 8692 636 4469 5127 254 5309 6170 1119 7862 8737 2842 3581 9464 1033 5989 2145 4786 1369 3176 2778 1349 7321 53 9439 4603 3107 642 9470 5819 8717 4891 4399 7921 8174 402 9401 8988 53 4477 1820 1484 2900 6823 5509 1376 4386 502 5023 2664 3197 37 2179 3124 4937 684 8935 2535 5750 1699 7398 2376 319 1152 6515 500 633 549 7097 5859 8664 3621 9594 8607 8504 1591 8559 4998 2046 2619 855 2059 1028 819 9118 7159 8351 705 1388 8741 5333 7151 248 1142 3244 2900 9081 6160 1920 6279 1843 8689 6244 9604 37 8679 5315 2603 3205 9605 5917 704 8354 2519 4597 354 6047 6421 4518 5755 15 5933 5457 4495 7908 5202 6363 6789 319 4424 6017 6524 1344 4254 4956 5035 4186 4700 249 4703 5189 4535 3501 5373 9469 3692 2941 2292 327 4632 6437 8118 4027 4924 5086 2621 2535 1491 2415 6529 2206 3813 5504 8283 167 960 2551 3880 264 1594 6794 6688 7640 9649 3296 3084 2619 5109 1699 6183 3993 4241 1659 2429 8734 922 9630 1185 2886 2569 402 7008 685 3433 429 6369 3122 4495 9607 3421 9105 5891 9455 6197 9030 710 3721 9285 6866 5457 4787 5857 705 6658 2813 5447 1300 5446 6190 4078 2062 1861 5977 9702 6959 1721 3015 9578 1044 7523 6213 7070 256 2172 9315 5091 8163 8274 9646 7504 5312 4931 5577 4469 4748 5672 3694 5634 180 9694 9471 4118 9708 6644 9414 456 6072 6095 3760 8160 6480 3186 4161 6748 3000 7223 3556 3122 9241 3507 2964 8994 9693 9777 8586 1263 125 1040 898 2113 2132 7132 2551 7123 8576 6264 8820 8241 8050 6390 8787 9702 2222 4158 9581 1301 4652 5908 2645 2249 4597 2700 9154 3084 492 223 1378 4362 5249 32 8637 1849 3115 8295 692 2761 5834 7532 6420 9282 589 8514 6791 8709 3767 8422 3630 3593 8195 2524 4642 3518 4211 5387 895 378 287 6844 1574 6991 182 1915 3359 2204 251 8890 9577 9695 695 3261 5041 9508 8623 9435 9585 1359 430 945 3676 3410 7999 2393 6074 2201 8831 9138 4227 9134 5280 1510 3982 1984 5239 127 563 5395 8866 9191 7883 6621 387 7532 5870 2306 568 4837 219 167 6549 2404 5897 3543 2344 437 2692 4339 324 219 6443 91 8606 4919 5908 9043 2212 9896 9800 9249 5775 6836 9326 8742 5649 3263 5486 9311 9166 5498 6552 810 1915 506 3923 275 7375 4259 7011 4561 6821 4065 9480 7114 7334 1868 2554 6012 6641 4720 3388 8809 3693 2697 8806 1845 7525 1641 7286 7349 7194 8960 626 173 9580 2044 6577 4627 8245 3847 4771 608 6124 2891 550 1997 6390 951 2826 3607 1017 8010 9275 6594 2 3565 5023 7764 754 4189 8528 2083 7094 452 1207 49 4469 2703 5577 127 8831 8075 4902 5499 9164 2571 4759 274 4912 6269 6693 6680 7027 6594 9428 5688 4212 640 2307 2586 7194 3115 8610 3122 2132 756 10044 7949 7784 7816 52 1736 9380 1185 785 9799 5892 9473 207 1789 9863 227 5023 6673 692 3266 5463 9303 558 9305 4353 2113 8150 9311 6839 2217 1273 993 10002 2460 30 2110 341 8831 3529 4454 8860 740 1256 5929 1396 9395 6157 5386 3097 7554 4771 3303 341 2590 370 610 3653 3709 4550 8349 10051 8201 8834 8500 817 4076 9923 2201 6300 2813 4532 8233 200 5914 1350 6862 8174 262 2669 4722 6435 599 6502 53 8544 8501 8807 9432 3537 3019 9051 7874 4665 9387 212 1350 4491 8784 591 1439 9266 819 1566 8954 8179 21 1269 1028 1037 1701 6498 593 8719 4684 6051 183 4687 1085 1634 529 10149 1845 2183 966 1208 8598 1569 9671 7258 7600 8314 6857 4691 10073 3540 2021 7292 4401 3935 2467 449 3739 7514 5594 718 9943 4001 5502 7970 7876 6890 23 6485 4073 9160 1419 1259 8988 6796 473 8492 153 8481 10 86 79 81 50 94 1676 478 139 86 2 63 10007 6626 3752 688 4613 6833 499 1254 5799 9674 132 10167 1066 1988 3825 1499 5214 632 1436 1919 3989 10008 9973 25 437 1069 5162 5780 4988 6312 3746 594 9563 2303 954 21 766 3954 891 3813 658 1262 9766 1625 6749 8524 3545 2565 1480 8540 6196 7892 3482 7361 4260 1922 9831 3445 8974 3234 3758 4221 434 1055 6103 5942 6584 4820 7958 7625 1566 6889 4462 2720 100 138 6965 567 7684 935 850 1901 9858 6748 7563 504 4665 7130 370 7521 539 4605 9303 6330 6482 5792 4318 8089 496 422 5792 7837 4235 2751 704 9420 6418 5916 10293 2933 283 2868 1698 7895 9523 962 10066 1278 10068 1514 1696 1981 6761 6896 4448 999 9889 4414 5722 704 2070 1181 9974 242 4115 8422 6947 357 8786 3759 5774 3562 2087 685 2753 7464 2439 6153 6467 7838 4313 2815 2865 1946 4580 7170 449 2299 357 129 4231 10220 8363 9824 10306 198 5401 3944 10209 4234 2422 53 3859 2371 4378 2299 8163 8092 10411 5278 7309 8845 3475 1049 7676 9934 3818 7006 3134 4786 1438 7884 2214 9587 8885 8524 6232 6059 1353 327 1355 7329 533 124 8053 5373 6910 10387 4868 1909 2191 4299 4613 2188 2698 3184 8442 4300 591 922 8170 2189 5037 758 4063 8704 6363 2805 5640 340 5469 8386 127 928 3602 749 588 2340 6059 10137 4234 7890 1629 707 7892 187 10064 3795 1789 7631 2043 7435 4115 8606 435 602 542 8458 6157 5513 6135 5388 4545 2956 2237 764 890 476 5958 7995 6475 641 2886 10491 6363 9900 3671 10282 3120 9148 7454 8835 2484 445 3076 8875 709 10422 880 10480 5503 1489 1004 9905 1415 9769 7564 1072 3950 3905 7059 7308 697 3461 5652 2057 7432 5535 3020 529 578 10170 10493 3711 6527 2210 3801 4109 7379 9778 7844 4049 2356 275 9697 5810 3695 124 7149 7525 10482 492 959 525 6228 891 1011 2097 2079 3702 7912 10544 1185 7746 3441 4263 7263 901 7495 6703 1544 4994 600 7650 6017 7981 2115 8000 846 3565 376 1584 2045 5240 8373 718 596 22 5810 4864 8823 1339 132 370 1038 8223 2636 1463 2349 2107 2883 9680 6882 3863 2207 10384 1337 519 4975 2828 1873 2046 3529 10338 5171 10446 5246 9517 781 1514 29 10033 1726 1529 2619 10636 1235 7341 3411 1254 7655 3767 401 3567 2970 10147 7258 4071 10494 10600 1590 4895 1295 7568 10443 8536 881 4351 9306 907 1804 2925 10504 8097 712 1003 3297 5569 8996 2477 1584 10158 10050 9251 2213 9747 4331 2337 4555 253 1004 7341 9277 4483 4076 4993 10561 7614 174 1136 7425 10580 2913 10675 741 5988 7193 1590 3183 9871 7971 496 943 6764 5078 8761 6075 7658 5417 6364 6512 1604 331 4491 4999 8557 9704 9581 4626 10689 4628 770 9629 790 2451 4071 10590 1399 10571 7720 1303 1519 10694 1234 253 2581 